40 109 4 18
24 16 34 32
12 20
12 7
13 37
12 21
24 8
13 22
24 18
13 34
9 18
9 10
9 11
22 4
21 7
22 26
21 12
21 28
38 30
39 29
38 12
38 20
39 34
38 22
9 32
40 11
9 16
28 21
39 33
28 12
38 36
6 5
38 26
1 22
38 32
1 3
9 39
3 27
3 31
32 4
32 22
33 15
33 16
32 38
33 32
1 27
32 34
33 36
40 5
31 3
40 14
20 37
16 18
19 23
26 4
26 31
35 13
26 1
5 19
5 6
5 2
37 21
35 7
2 17
36 25
14 40
11 40
14 23
11 10
2 19
14 2
17 2
2 23
17 5
16 9
16 25
34 4
36 7
11 14
29 16
29 24
11 6
29 40
30 7
25 18
7 30
7 20
15 8
8 18
29 18
29 8
15 11
18 8
15 14
25 35
25 32
15 35
15 32
24 33
10 40
21 18
23 19
23 5
27 31
34 32
4 26
24 39
15 16
27 3
4 27
12 28
