150 1393 7 7
85 110 23 16 21 103 60
103 16
103 149
103 9
103 21
103 114
42 10
101 28
101 83
101 145
101 1
110 88
110 147
42 5
110 131
110 73
130 65
110 124
130 140
23 20
110 55
110 133
110 112
110 62
104 125
104 33
104 74
104 19
104 80
104 44
104 8
104 95
104 82
104 38
104 71
9 28
101 36
21 7
23 79
23 133
23 62
44 104
23 112
44 97
44 71
23 84
44 38
9 127
9 103
9 114
42 109
42 43
44 20
42 12
42 118
42 141
42 89
42 58
44 75
42 27
44 18
148 142
23 110
23 131
23 102
23 111
44 33
44 74
23 124
48 106
48 135
53 147
97 20
48 108
97 18
48 69
97 75
97 7
48 139
48 14
48 126
97 44
97 104
97 125
97 33
53 99
97 50
97 19
53 116
148 89
1 19
53 149
53 16
53 114
48 82
53 103
103 30
148 143
48 57
145 101
145 28
103 35
145 1
145 83
148 77
103 129
101 94
148 111
148 131
80 20
80 75
80 18
148 119
1 77
148 24
1 145
1 101
148 122
1 28
106 109
106 48
65 140
65 130
97 71
97 38
9 80
1 109
103 39
106 104
35 135
35 43
46 133
35 15
35 27
114 149
35 12
77 145
35 89
77 83
35 146
46 23
46 148
46 131
77 1
46 88
77 101
46 111
68 17
68 140
68 130
16 36
68 65
114 21
114 53
145 75
68 75
114 103
16 25
80 8
80 125
121 44
80 82
80 38
80 44
35 94
46 119
46 31
80 71
46 24
121 146
121 141
80 7
35 75
80 74
80 50
80 115
71 80
71 104
71 44
71 25
71 76
135 74
16 78
149 75
71 50
71 19
71 125
135 7
71 10
71 74
71 8
71 142
135 65
71 82
71 20
71 18
71 75
71 7
121 119
121 116
16 53
16 103
16 9
16 21
16 114
35 109
149 90
121 88
121 111
119 94
121 131
121 110
121 46
76 19
119 95
114 65
76 75
76 18
114 75
135 58
114 5
135 35
135 12
135 118
140 130
135 27
140 65
135 15
21 16
21 149
21 53
114 30
21 9
83 8
135 5
135 89
135 141
21 24
119 55
109 35
109 135
77 94
114 84
116 75
119 88
119 111
119 23
119 148
114 113
119 131
119 110
119 121
109 141
116 125
119 122
109 5
109 146
109 27
109 118
109 89
109 41
109 58
109 15
109 8
76 38
83 48
16 94
109 45
83 28
76 104
83 101
76 71
76 25
116 58
17 130
76 125
83 77
114 62
17 140
17 68
76 95
83 145
126 48
126 14
126 87
126 139
86 41
56 97
56 80
116 119
86 126
116 121
116 148
116 3
116 31
116 24
116 88
126 40
126 69
116 131
116 111
138 13
138 92
86 19
24 20
120 116
86 50
56 58
14 140
56 43
138 60
138 96
138 32
138 93
120 59
138 26
120 103
120 114
120 21
120 149
120 16
125 17
120 86
125 68
125 94
120 132
125 74
86 11
138 37
24 131
125 50
138 49
24 110
125 19
138 127
24 88
24 111
56 133
125 115
138 64
125 47
132 142
138 6
125 29
125 134
138 59
86 53
14 76
86 103
56 52
132 71
56 105
125 33
24 133
125 10
56 55
86 132
138 81
56 129
24 28
86 120
86 16
86 114
86 9
14 69
86 77
14 40
14 106
14 87
55 98
14 126
24 41
14 48
24 135
138 121
55 47
20 18
20 7
132 140
138 147
55 33
86 121
86 46
55 50
62 1
31 137
82 47
82 29
82 134
82 94
82 50
149 9
82 19
82 67
149 103
82 123
82 68
82 17
112 82
69 51
82 10
82 125
82 142
69 54
82 95
24 46
112 65
24 116
112 17
24 3
62 101
69 135
24 122
62 28
62 79
62 133
69 48
62 112
69 87
69 139
69 14
69 126
31 3
120 73
112 62
142 17
142 68
31 111
31 73
112 101
112 1
112 79
112 28
112 83
31 24
112 145
31 116
112 77
149 16
149 114
31 110
3 115
31 46
31 148
142 82
108 104
142 50
142 10
112 87
120 87
142 123
142 134
13 127
13 49
70 109
3 111
3 88
13 144
92 95
3 24
3 31
75 18
75 7
85 120
70 72
13 31
85 86
3 131
106 87
85 132
106 139
3 23
106 126
133 51
106 69
13 111
3 119
106 40
85 107
70 38
133 87
87 115
3 101
70 50
87 14
133 145
95 125
87 126
133 77
133 101
95 142
95 19
87 106
128 61
128 32
95 74
87 139
128 26
13 135
133 83
95 10
70 59
128 93
128 63
128 81
133 112
128 96
133 79
128 4
95 17
128 132
87 27
13 146
13 98
87 146
13 51
13 57
128 49
95 29
95 115
122 1
128 6
95 68
128 127
95 134
128 66
100 33
128 59
13 8
100 17
100 7
128 121
13 123
70 108
7 75
13 75
7 20
87 40
128 62
8 20
92 138
39 30
8 18
8 7
139 30
139 98
39 5
132 102
92 63
28 83
92 60
28 145
92 26
28 101
92 93
85 75
92 13
39 14
92 128
139 106
8 38
139 87
92 127
8 25
92 59
139 14
92 49
122 88
92 66
139 126
8 104
138 98
138 51
122 23
8 95
139 108
139 40
122 131
8 71
79 94
8 80
132 22
122 119
138 57
39 47
122 148
138 90
122 46
8 50
122 3
122 31
138 134
122 116
92 119
8 33
138 125
132 109
18 7
39 148
39 121
18 20
79 146
18 75
39 3
39 99
39 24
79 40
39 144
39 107
39 11
85 14
99 38
92 42
13 92
79 28
13 128
79 1
79 83
13 93
13 96
39 145
104 7
39 84
104 75
104 18
39 22
104 20
39 117
132 86
92 54
92 34
132 149
132 16
92 90
132 114
92 57
133 75
13 63
85 25
13 81
13 4
79 112
79 62
85 44
93 74
89 146
2 7
89 5
89 141
89 12
57 18
50 19
89 118
57 7
61 59
50 74
50 33
50 125
61 66
50 82
61 127
61 37
93 98
144 22
93 57
144 84
93 51
144 117
50 75
93 34
61 86
129 137
93 54
51 54
93 90
129 108
129 113
129 91
50 94
51 98
129 48
50 123
51 36
61 60
50 68
51 30
61 4
50 17
51 45
50 115
51 72
129 126
144 52
51 90
61 93
50 29
51 57
61 96
50 134
129 139
61 92
144 107
93 42
144 99
61 128
144 39
61 26
144 122
144 119
144 148
144 3
105 87
129 51
107 105
107 133
107 31
107 121
107 116
107 148
129 130
55 78
55 52
55 105
93 119
55 56
93 6
105 29
93 127
93 59
107 11
93 64
93 99
107 39
107 99
26 51
141 12
26 98
141 89
141 5
141 146
19 68
93 37
19 123
93 66
19 142
19 33
93 85
19 74
91 113
26 34
19 10
91 137
26 72
91 40
19 50
91 108
26 57
93 26
99 119
99 24
93 138
99 3
93 92
90 82
19 17
93 4
91 87
93 63
99 11
91 106
93 81
99 144
91 126
93 60
91 69
93 61
93 32
90 45
90 36
90 57
90 51
107 51
90 72
90 54
90 34
12 118
12 89
12 141
26 121
78 56
107 84
107 117
78 105
128 98
57 72
26 66
26 127
57 54
26 49
78 19
26 37
26 6
99 35
26 64
67 115
67 47
26 60
113 69
128 58
26 96
105 52
113 108
67 123
113 106
67 29
113 87
26 4
113 139
105 55
113 129
128 54
105 79
26 114
128 51
113 137
128 57
128 90
128 72
105 1
99 117
99 22
26 92
26 13
57 10
26 128
26 93
26 61
57 90
99 46
57 51
57 98
57 36
57 30
57 45
33 17
33 94
33 68
33 123
33 115
60 100
33 67
60 70
33 29
33 47
60 63
33 10
60 81
33 19
60 4
60 150
64 41
146 89
33 125
146 5
64 109
146 12
64 35
33 95
146 118
113 95
64 135
60 59
64 27
113 67
137 87
137 106
137 126
137 69
137 108
72 57
72 90
137 58
146 72
137 48
72 45
72 36
72 30
72 51
146 82
137 91
137 129
96 108
146 7
146 130
72 140
96 150
96 81
96 70
10 94
59 66
52 2
10 134
10 29
59 49
96 60
96 63
96 32
59 127
10 68
59 6
59 99
54 34
59 107
59 11
10 115
54 98
10 47
54 57
10 67
54 90
96 6
59 39
52 56
52 55
52 105
59 24
52 78
10 82
96 53
96 103
10 95
10 142
102 41
11 3
102 27
54 125
59 125
141 8
11 144
54 80
54 30
54 45
59 25
32 113
141 75
40 108
11 121
11 46
11 148
11 24
11 116
40 50
59 135
102 56
102 55
74 142
74 82
74 95
124 123
59 5
102 78
124 65
102 73
102 124
59 15
5 118
5 89
5 141
5 72
32 96
32 81
32 63
74 33
34 36
32 4
74 125
34 98
34 45
32 100
73 147
74 10
34 30
73 124
74 19
73 102
74 50
74 115
61 34
73 52
74 67
5 44
73 78
61 90
61 57
74 94
40 94
73 56
34 54
74 68
34 90
74 123
34 72
34 51
74 17
34 57
34 74
11 84
5 29
102 10
34 104
61 28
108 87
34 130
108 106
102 36
11 22
108 126
11 91
108 69
108 14
66 40
147 118
134 29
147 71
134 123
134 94
134 140
134 115
4 9
81 36
84 117
81 25
147 94
38 7
84 143
66 57
38 20
38 75
38 18
38 44
84 14
4 60
38 97
4 63
4 32
124 56
38 71
4 96
38 142
66 109
4 150
4 100
4 81
38 104
41 80
66 42
38 10
66 41
124 102
38 33
66 58
124 73
38 125
66 35
147 17
124 55
66 15
38 74
66 27
124 78
25 7
25 18
25 20
58 130
117 136
117 22
117 2
117 143
81 150
117 126
81 4
81 70
81 100
81 60
81 96
63 35
127 144
25 50
127 107
25 142
58 104
25 33
127 6
25 125
127 64
63 87
127 39
84 67
58 146
25 104
58 89
25 97
58 118
25 76
58 15
58 41
58 35
58 43
81 99
58 109
58 135
58 42
117 84
124 44
88 102
6 66
6 127
6 64
111 18
88 105
43 44
6 11
88 112
88 62
60 50
88 79
60 19
88 145
45 80
43 12
45 97
43 118
22 117
63 132
45 44
43 141
22 143
45 104
22 136
43 5
22 2
63 16
127 35
45 36
45 30
43 57
127 15
45 25
127 58
22 84
45 71
127 27
63 136
94 115
43 15
43 27
6 105
43 41
94 134
127 47
117 50
127 67
94 29
94 123
117 115
6 39
6 107
6 116
41 43
22 95
6 41
6 58
123 67
41 58
38 25
6 27
41 42
41 109
6 135
41 135
6 35
6 43
88 67
123 134
41 12
123 29
41 89
60 24
88 29
60 102
147 105
147 78
147 102
88 140
147 124
147 52
147 73
63 32
63 96
64 99
64 39
64 107
63 70
64 59
64 11
63 150
63 100
63 81
63 4
63 60
64 49
64 37
147 40
43 75
131 67
115 140
150 29
115 123
131 44
53 91
27 115
136 38
115 67
136 48
115 134
115 94
115 47
136 135
27 5
36 10
136 143
136 2
136 129
136 91
111 133
136 137
111 79
27 15
100 91
27 12
27 89
27 141
111 73
36 18
70 100
49 66
49 37
100 72
111 62
49 127
111 112
49 59
111 110
49 64
111 23
49 144
100 41
49 11
49 99
100 15
111 147
111 88
111 102
49 39
111 124
143 137
143 113
111 58
150 27
53 75
143 129
143 2
143 136
111 113
88 111
136 17
88 147
150 25
88 124
88 23
88 110
88 131
30 71
100 150
30 36
100 70
30 45
100 85
136 8
49 109
118 89
49 43
118 12
49 35
111 97
30 104
49 42
30 8
49 41
49 27
49 15
15 109
15 41
37 127
49 71
37 66
15 135
37 49
15 118
15 27
150 85
150 70
15 58
150 100
15 5
15 141
15 89
150 9
143 17
98 68
37 11
15 36
49 80
37 64
37 99
37 144
58 7
110 25
49 18
150 24
143 95
37 88
98 45
110 118
37 136
47 115
4 18
47 134
47 29
47 94
143 41
98 57
98 90
98 51
98 30
37 145
98 36
81 82
37 135
131 62
37 109
131 112
2 95
131 79
110 47
131 23
29 94
29 134
36 44
36 97
131 102
36 80
27 43
2 90
131 73
131 147
2 5
131 111
36 38
37 15
36 45
37 43
36 30
37 41
110 94
66 11
66 99
66 107
66 6
66 127
66 59
66 64
4 143
131 12
29 47
66 37
2 129
37 115
2 91
66 148
2 137
2 136
2 143
66 39
